kwargs = {
  "xmin":0.0033484375,
  "xmax":0.0036578125,
  "step":5,
  "step_range":5,
}

